0,446
16,9
16,8
14,84
14,83
14,82
14,81
14,80
14,79
14,78
14,77
14,76
14,75
14,74
14,73
14,72
14,71
14,70
14,69
14,68
14,67
14,66
14,65
14,64
0,445
0,444
14,130
14,129
14,127
14,126
14,125
14,124
14,123
14,122
14,121
14,120
14,119
14,118
14,117
14,116
14,115
14,114
14,113
14,112
14,111
14,110
14,109
14,108
14,107
14,106
14,105
14,104
14,103
14,102
14,101
14,100
14,99
14,98
14,97
14,6
14,5
14,4
14,2
14,1
14,0
13,4
13,3
13,2
13,1
13,0
12,8
12,7
12,6
12,5
12,4
12,3
12,2
12,1
12,0
11,5
11,4
11,3
11,2
11,1
11,0
10,4
10,3
10,2
10,1
10,0
9,5
9,4
9,3
9,2
9,1
9,0
8,5
8,4
8,3
8,2
8,1
8,0
7,5
7,4
7,3
7,2
7,1
7,0
6,5
6,4
6,3
6,2
6,1
14,7
6,0
14,3
5,6
5,5
5,4
5,3
5,2
5,1
5,0
4,3
2,5
2,4
2,3
2,2
2,1
2,0
1,3
0,410
0,324
0,243
0,9
0,0
0,1
0,432
0,300
0,431
0,299
0,430
0,298
0,429
0,297
0,428
0,296
0,427
0,295
0,426
0,294
0,425
0,293
0,424
0,292
0,423
0,291
0,422
0,290
0,421
0,289
0,420
0,288
0,419
0,287
0,418
0,286
0,417
0,285
0,416
0,284
0,415
0,283
0,414
0,282
0,413
0,281
0,412
0,280
0,411
0,279
0,409
0,278
0,408
0,277
0,407
0,276
0,406
0,275
0,405
0,274
0,404
0,273
0,403
0,272
0,402
0,271
14,146
14,152
14,154
14,155
14,157
14,158
14,160
14,162
14,163
14,165
14,166
14,168
14,170
14,171
14,173
14,174
14,176
14,177
14,179
14,181
15,0
15,2
15,3
15,5
16,1
16,2
16,4
16,5
16,7
16,6
16,3
16,0
15,4
15,1
14,180
14,178
14,175
14,172
14,169
14,167
14,164
14,161
14,159
14,156
14,153
0,401
0,270
0,400
0,269
0,399
0,268
0,398
0,267
0,397
0,266
0,396
0,265
0,395
0,264
0,394
0,263
0,393
0,262
0,392
0,261
0,391
0,260
0,390
0,259
0,389
0,258
0,388
0,257
0,387
0,256
0,386
0,255
0,385
0,254
0,384
0,253
0,383
0,252
0,382
0,251
0,381
0,250
0,380
0,249
0,379
0,248
0,378
0,247
0,377
0,246
0,376
0,245
0,375
0,244
0,374
0,242
0,373
0,241
0,372
0,240
0,371
0,239
0,370
0,238
0,369
0,237
0,368
0,236
0,367
0,235
0,366
0,234
0,365
0,233
0,364
0,232
0,363
0,231
0,362
0,230
0,361
0,229
0,360
0,228
0,359
0,227
0,358
0,226
0,437
0,225
0,356
0,224
0,355
0,223
0,354
0,222
0,353
0,221
0,352
0,220
0,351
0,219
0,350
0,218
0,349
0,217
0,348
0,216
0,347
0,215
0,346
0,214
0,345
0,213
0,344
0,212
0,343
0,211
0,210
0,341
0,209
0,340
0,208
0,438
0,207
0,338
0,206
0,337
0,205
0,336
0,204
0,203
0,435
0,202
0,434
0,201
0,433
0,200
0,334
0,199
0,333
0,198
0,332
0,197
0,331
0,196
0,195
0,442
0,194
0,328
0,193
0,327
0,192
0,441
0,63
0,443
0,62
0,436
0,61
0,440
0,60
0,59
0,320
0,58
0,319
0,57
0,318
0,56
0,317
0,55
0,316
0,54
0,439
0,53
0,314
0,52
0,313
0,51
0,312
0,50
0,311
0,49
0,310
0,48
0,309
0,47
0,308
0,46
0,307
0,45
0,301
0,6
0,5
0,304
0,303
0,306
0,305
0,302
0,12
0,10
0,8
0,11
0,4
0,2
0,3
0,7
